print.area.height=648.0
print.area.width=498.61417322834643
print.area.x=56.69291338582677
print.area.y=72.0
print.page.orientation=1.0
print.paper.height=792.0
print.paper.width=612.0
